# Elapsed time   CPU (%)     Real (MB)   Virtual (MB)
       0.003        0.000       42.254     4161.809
       1.005        0.000       42.254     4161.809
       2.008      100.700       61.578     4876.852
       3.009      108.900       69.902     5071.875
       4.011      110.700       92.191     5071.875
       5.013      158.700      117.227     5071.875
       6.015      157.600      135.395     5071.875
       7.018       53.900      139.168     5071.875
       8.019       17.000      139.168     5071.875
       9.022       38.900      139.168     5071.875
      10.024       31.900      128.102     5071.875
      11.027       85.800      139.957     5071.875
      12.028      111.800      144.078     5071.875
      13.030       47.900      144.355     5071.875
      14.033       45.900      144.355     5071.875
      15.035        0.000      132.133     5071.875
      16.038        0.000      132.133     5071.875
      17.042        0.000      132.133     5071.875
      18.045        1.000      132.133     5071.875
      19.047        0.000      132.133     5071.875
      20.050        0.000      132.133     5071.875
      21.053        0.000      132.133     5071.875
      22.056        0.000      132.133     5071.875
      23.059        0.000      132.133     5071.875
      24.063        1.000      132.133     5071.875
      25.066        1.000      132.133     5071.875
      26.069        0.000      132.133     5071.875
      27.072        0.000      132.133     5071.875
      28.075        0.000      132.133     5071.875
      29.078        0.000      132.133     5071.875
