# Elapsed time   CPU (%)     Real (MB)   Virtual (MB)
       0.005        0.000       40.586     4162.000
       5.007      128.600      128.660     5141.086
      10.013      223.100      151.113     5178.230
      15.028      140.200      147.258     5183.250
      20.047      152.400      149.586     5196.301
      25.053      110.900      144.930     5196.301
      30.057      144.700      144.930     5196.301
      35.071      145.200      144.992     5196.301
      40.084      146.200      145.055     5196.301
      45.087      136.700      145.121     5196.301
      50.094      151.000      145.277     5196.301
      55.097      145.900      145.652     5196.301
      60.115      139.900      145.652     5196.301
      65.130       42.500      145.660     5196.301
      70.137        0.200      145.660     5196.301
      75.143        0.200      145.660     5196.301
      80.149        0.600      146.148     5196.301
      85.150        0.200      146.301     5196.301
      90.157        0.200      146.301     5196.301
      95.164        0.400      146.301     5196.301
     100.171        0.200      146.301     5196.301
     105.179        0.000      146.301     5196.301
     110.186        0.200      146.301     5196.301
     115.193        0.400      148.184     5196.301
